image: map.png
resolution: 0.050000
origin: [-15.718749, -11.971086, 0.000000]
negate: 0
occupied_thresh: 0.4
free_thresh: 0.1

