image: map_dia.png
resolution: 0.050000
origin: [-4.507582, -5.679188, 0.000000]
negate: 0
occupied_thresh: 0.65
free_thresh: 0.196

