image: map_dia.pgm
resolution: 0.050000
origin: [-13.266026, -7.760842, 0.000000]
negate: 0
occupied_thresh: 0.65
free_thresh: 0.196

